2048 1024 8 0 0 0 0 0
1 513 1025 1395 1676 1821 1963 0 
2 514 1026 1264 1677 1813 1964 0 
3 515 1027 1396 1678 1827 1965 0 
4 516 1028 1397 1616 1828 1966 0 
5 517 1029 1398 1674 1829 1967 0 
6 518 1030 1377 1679 1801 1968 0 
7 519 1031 1399 1680 1830 1969 0 
8 520 1032 1400 1681 1831 1970 0 
9 521 1033 1401 1674 1832 1962 0 
10 522 1034 1378 1682 1802 1971 0 
11 523 1035 1402 1683 1833 1972 0 
12 524 1036 1365 1684 1834 1973 0 
13 525 1037 1403 1685 1835 1974 0 
14 526 1038 1404 1673 1836 1969 0 
15 527 1039 1405 1686 1837 1904 0 
16 528 1040 1296 1687 1837 1975 0 
17 529 1041 1212 1592 1805 1976 0 
18 530 1042 1406 1675 1838 1977 0 
19 531 1043 1407 1676 1839 1977 0 
20 532 1044 1408 1688 1804 1978 0 
21 533 1045 1409 1661 1840 1979 0 
22 534 1046 1410 1689 1841 1980 0 
23 535 1047 1411 1675 1814 1976 0 
24 536 1048 1412 1690 1842 1981 0 
25 537 1049 1413 1691 1843 1982 0 
26 538 1050 1414 1692 1844 1983 0 
27 539 1051 1344 1683 1845 1984 0 
28 540 1052 1415 1693 1840 1985 0 
29 541 1053 1416 1694 1820 1986 0 
30 542 1054 1417 1695 1846 1960 0 
31 524 1055 1418 1674 1847 1984 0 
26 543 1056 1375 1673 1819 1966 0 
32 544 1057 1419 1688 1848 1987 0 
33 545 1058 1298 1696 1849 1988 0 
34 546 1059 1420 1682 1850 1989 0 
35 547 1060 1421 1684 1821 1979 0 
36 548 1061 1379 1671 1851 1990 0 
37 549 1062 1422 1697 1822 1991 0 
4 550 1063 1356 1694 1801 1992 0 
38 551 1064 1423 1698 1842 1993 0 
39 552 1065 1424 1699 1829 1994 0 
40 553 1066 1425 1700 1852 1995 0 
41 554 1067 1366 1701 1853 1974 0 
42 555 1068 1426 1702 1854 1996 0 
43 556 1069 1427 1703 1821 1997 0 
44 557 1070 1428 1686 1855 1998 0 
45 558 1071 1429 1679 1856 1999 0 
46 559 1072 1430 1704 1826 2000 0 
47 560 1073 1431 1705 1850 2001 0 
48 561 1074 1432 1706 1830 1983 0 
37 562 1075 1433 1707 1857 2002 0 
49 563 1028 1434 1683 1858 1969 0 
50 564 1076 1435 1708 1859 1970 0 
51 565 1077 1389 1701 1860 2003 0 
52 566 1078 1436 1709 1861 2004 0 
53 567 1079 1437 1695 1862 2005 0 
54 568 1080 1438 1710 1851 2006 0 
55 569 1081 1439 1702 1863 2007 0 
19 570 1082 1440 1711 1864 2008 0 
56 571 1083 1441 1679 1865 2009 0 
57 572 1084 1442 1712 1866 2010 0 
58 573 1085 1443 1565 1834 2011 0 
59 574 1086 1411 1713 1867 1997 0 
60 575 1087 1409 1714 1868 1994 0 
61 576 1088 1444 1715 1869 2012 0 
62 577 1089 1445 1716 1830 2013 0 
63 578 1090 1446 1717 1870 2014 0 
64 579 1091 1447 1700 1829 2015 0 
65 580 1092 1448 1718 1831 2016 0 
66 581 1093 1449 1719 1828 2017 0 
66 582 1094 1450 1720 1860 1999 0 
67 583 1095 1451 1721 1871 2018 0 
68 584 1096 1452 1722 1872 2019 0 
69 585 1097 1441 1723 1873 2020 0 
70 586 1098 1453 1706 1822 1910 0 
71 587 1099 1454 1724 1874 2021 0 
72 588 1100 1455 1725 1875 2022 0 
73 589 1064 1285 1726 1855 2014 0 
57 590 1101 1456 1727 1869 2023 0 
74 591 1102 1428 1681 1876 1950 0 
75 592 1103 1457 1669 1877 2024 0 
76 593 1104 1458 1728 1850 2025 0 
77 594 1105 1459 1707 1818 1963 0 
78 595 1055 1393 1729 1813 2026 0 
79 596 1106 1460 1730 1878 1988 0 
65 597 1107 1461 1724 1879 2027 0 
80 570 1108 1462 1731 1833 2028 0 
81 598 1109 1463 1732 1857 2029 0 
82 599 1110 1464 1733 1880 2030 0 
83 600 1070 1419 1734 1827 2031 0 
84 601 1111 1465 1695 1881 2032 0 
85 602 1112 1466 1689 1882 2033 0 
86 603 1113 1467 1688 1883 1999 0 
87 604 1114 1468 1735 1880 2034 0 
88 605 1091 1469 1697 1884 2008 0 
89 606 1115 1470 1708 1885 2035 0 
90 607 1115 1471 1736 1886 1964 0 
91 608 1116 1472 1677 1887 2036 0 
92 609 1117 1473 1681 1864 2037 0 
56 610 1118 1474 1737 1876 2038 0 
93 611 1073 1475 1688 1888 2038 0 
94 612 1119 1476 1732 1885 2039 0 
95 613 1120 1477 1676 1889 2004 0 
96 545 1121 1478 1723 1805 2040 0 
85 555 1122 1479 1738 1812 2005 0 
97 614 1123 1480 1739 1862 1972 0 
98 615 1124 1481 1692 1839 2041 0 
99 616 1125 1482 1740 1857 2042 0 
100 617 1126 1483 1741 1890 2043 0 
101 618 1127 1484 1677 1891 2012 0 
102 619 1128 1485 1742 1892 1959 0 
103 620 1129 1486 1700 1893 2044 0 
104 621 1130 1458 1718 1894 1984 0 
94 622 1131 1487 1743 1895 2045 0 
105 623 1125 1488 1703 1845 2017 0 
106 567 1132 1489 1734 1864 2022 0 
107 624 1133 1487 1724 1864 2046 0 
108 625 1134 1490 1744 1896 1984 0 
109 626 1135 1491 1689 1874 1973 0 
110 627 1136 1492 1745 1866 1980 0 
111 628 1137 1493 1722 1791 2047 0 
112 629 1138 1494 1719 1897 2048 0 
113 531 1139 1495 1739 1898 0 0 
114 630 1140 1496 1690 1891 0 0 
115 631 1141 1497 1746 1899 2012 0 
116 632 1142 1492 1747 1886 0 0 
117 633 1143 1383 1748 1840 0 0 
118 634 1144 1498 1738 1831 2036 0 
119 634 1145 1499 1664 1894 0 0 
120 635 1146 1500 1741 1900 0 0 
121 636 1114 1501 1722 1865 1980 0 
122 637 1147 1502 1749 1901 0 0 
123 638 1126 1503 1707 1863 0 0 
124 639 1148 1482 1750 1836 2016 0 
125 640 1146 1504 1750 1892 0 0 
126 641 1149 1505 1750 1902 1998 0 
127 536 1027 1506 1660 1900 0 0 
128 642 1150 1507 1684 1825 0 0 
129 643 1087 1508 1751 1885 0 0 
130 644 1151 1401 1710 1856 2028 0 
131 645 1152 1299 1752 1886 0 0 
132 608 1153 1509 1753 1814 0 0 
133 646 1154 1510 1704 1841 2011 0 
77 647 1155 1511 1733 1903 2024 0 
134 648 1156 1477 1696 1834 2042 0 
135 649 1089 1512 1738 1904 0 0 
136 650 1047 1513 1706 1905 0 0 
137 651 1107 1514 1754 1815 1994 0 
138 652 1157 1515 1755 1906 2024 0 
139 653 1136 1516 1756 1810 1983 0 
84 654 1158 1438 1741 1864 2017 0 
140 655 1159 1499 1757 1829 1996 0 
141 656 1160 1385 1758 1906 0 0 
142 657 1161 1517 1710 1834 0 0 
143 658 1160 1518 1691 1849 2034 0 
144 659 1162 1459 1672 1907 0 0 
145 660 1037 1483 1673 1827 1984 0 
146 661 1075 1407 1720 1808 1986 0 
147 662 1163 1519 1737 1805 2000 0 
148 663 1127 1520 1759 1908 2033 0 
149 664 1164 1521 1758 1869 1981 0 
42 665 1165 1522 1760 1843 2028 0 
150 666 1166 1523 1708 1848 1973 0 
151 647 1167 1524 1721 1863 2016 0 
152 566 1168 1525 1708 1832 2045 0 
123 667 1041 1526 1761 1909 1965 0 
153 668 1169 1466 1726 1910 1985 0 
154 669 1170 1527 1684 1895 2016 0 
155 670 1130 1528 1723 1892 2023 0 
156 671 1171 1529 1762 1807 0 0 
157 658 1172 1530 1697 1814 2010 0 
158 672 1173 1459 1763 1879 1992 0 
159 673 1174 1531 1764 1911 0 0 
160 674 1140 1454 1675 1912 0 0 
161 675 1170 1486 1702 1813 0 0 
162 676 1175 1427 1757 1913 1982 0 
163 677 1176 1532 1727 1903 0 0 
164 678 1177 1533 1672 1914 0 0 
165 679 1178 1473 1754 1874 1917 0 
44 680 1179 1534 1691 1915 1994 0 
166 681 1180 1535 1747 1817 1966 0 
39 627 1181 1536 1669 1899 2044 0 
167 682 1182 1251 1748 1875 1982 0 
168 593 1183 1447 1716 1914 1991 0 
169 683 1090 1432 1765 1845 0 0 
154 684 1184 1537 1766 1884 0 0 
170 685 1185 1538 1709 1856 1886 0 
171 686 1186 1539 1678 1839 2042 0 
172 600 1187 1500 1690 1825 1992 0 
24 687 1188 1490 1752 1916 2018 0 
64 688 1189 1540 1648 1870 2011 0 
173 689 1190 1539 1767 1917 2029 0 
174 690 1162 1541 1694 1886 0 0 
175 595 1191 1542 1714 1870 1919 0 
36 691 1192 1543 1713 1858 1964 0 
176 692 1193 1497 1768 1871 1990 0 
177 693 1194 1523 1768 1856 0 0 
111 605 1195 1544 1754 1825 2046 0 
178 694 1196 1521 1726 1897 0 0 
179 695 1089 1545 1690 1876 2035 0 
177 696 1197 1546 1730 1855 1996 0 
180 697 1198 1547 1692 1849 1999 0 
181 698 1199 1548 1696 1832 1966 0 
182 538 1200 1339 1738 1918 0 0 
41 699 1159 1549 1676 1919 1984 0 
183 700 1201 1550 1769 1837 2002 0 
184 701 1036 1547 1770 1846 1991 0 
185 702 1178 1526 1726 1902 1908 0 
186 703 1202 1551 1714 1863 2028 0 
187 704 1045 1527 1735 1826 0 0 
188 705 1203 1552 1729 1821 1962 0 
189 706 1204 1553 1682 1851 2009 0 
190 638 1205 1554 1736 1920 0 0 
191 707 1206 1555 1733 1921 0 0 
174 708 1136 1556 1697 1919 0 0 
192 709 1207 1557 1714 1918 2012 0 
193 653 1208 1558 1726 1873 2029 0 
194 710 1209 1559 1740 1876 2031 0 
194 663 1210 1560 1699 1818 2043 0 
184 711 1157 1350 1678 1878 0 0 
195 712 1211 1561 1680 1861 1978 0 
196 713 1145 1562 1771 1824 0 0 
197 714 1212 1563 1714 1894 2022 0 
198 715 1213 1445 1772 1922 1986 0 
199 632 1079 1564 1687 1838 2030 0 
200 716 1081 1565 1732 1923 0 0 
201 717 1214 1566 1710 1924 0 0 
202 718 1215 1567 1679 1862 0 0 
80 719 1216 1568 1693 1920 0 0 
203 720 1217 1569 1755 1881 2025 0 
204 721 1218 1551 1773 1925 2025 0 
93 626 1219 1570 1774 1807 2010 0 
205 722 1220 1473 1769 1926 0 0 
206 723 1221 1524 1756 1927 2036 0 
207 724 1105 1435 1690 1875 0 0 
208 725 1095 1542 1724 1901 0 0 
160 726 1222 1524 1767 1808 0 0 
209 727 1223 1571 1734 1847 0 0 
101 561 1224 1426 1775 1874 2026 0 
210 728 1134 1572 1705 1837 1996 0 
211 687 1225 1573 1667 1877 2037 0 
212 729 1226 1574 1716 1798 0 0 
213 730 1180 1558 1737 1894 0 0 
214 617 1227 1575 1744 1870 0 0 
215 731 1052 1576 1666 1841 1991 0 
216 596 1228 1577 1773 1793 1983 0 
217 732 1229 1406 1761 1862 2006 0 
218 733 1230 1578 1685 1829 0 0 
219 734 1142 1579 1776 1882 1963 0 
220 623 1110 1580 1777 1926 0 0 
221 551 1171 1567 1675 1917 2024 0 
222 735 1148 1557 1755 1853 2007 0 
223 736 1231 1394 1762 1867 1981 0 
43 737 1142 1581 1778 1869 0 0 
224 607 1232 1582 1779 1928 0 0 
144 738 1233 1583 1698 1827 0 0 
225 739 1234 1470 1773 1838 0 0 
226 740 1235 1584 1691 1854 2032 0 
227 646 1236 1585 1717 1795 1967 0 
228 741 1237 1476 1670 1929 2042 0 
229 742 1187 1586 1668 1915 0 0 
230 676 1238 1587 1730 1865 0 0 
231 743 1094 1588 1718 1930 2048 0 
232 744 1239 1569 1777 1855 2044 0 
138 585 1240 1589 1676 1840 2045 0 
233 745 1208 1498 1633 1849 0 0 
234 743 1241 1590 1686 1889 0 0 
235 746 1242 1591 1736 1828 0 0 
32 747 1107 1397 1742 1931 1996 0 
236 666 1243 1404 1746 1932 2006 0 
237 748 1204 1453 1746 1860 2037 0 
238 543 1094 1592 1780 1865 0 0 
239 749 1215 1436 1718 1915 0 0 
240 750 1244 1483 1781 1904 1994 0 
241 622 1049 1593 1680 1785 1964 0 
242 751 1245 1452 1782 1883 2035 0 
243 527 1246 1451 1759 1828 1982 0 
244 752 1247 1581 1751 1824 0 0 
245 699 1248 1594 1771 1912 1990 0 
246 753 1249 1522 1765 1819 0 0 
221 754 1250 1595 1744 1933 0 0 
1 755 1251 1596 1781 1914 0 0 
247 756 1252 1597 1689 1934 0 0 
248 722 1144 1420 1776 1883 1969 0 
249 757 1240 1403 1780 1913 2003 0 
250 758 1253 1462 1709 1935 1979 0 
251 759 1161 1420 1676 1859 0 0 
252 760 1083 1598 1721 1893 2000 0 
253 761 1254 1599 1754 1936 0 0 
254 762 1179 1415 1707 1867 2014 0 
255 763 1255 1600 1725 1881 0 0 
256 748 1256 1574 1761 1928 2032 0 
257 762 1257 1577 1729 1811 0 0 
258 764 1258 1601 1762 1873 2047 0 
259 765 1259 1437 1729 1890 1990 0 
115 766 1260 1602 1674 1934 1979 0 
164 767 1139 1603 1783 1869 2018 0 
260 689 1261 1604 1736 1899 0 0 
261 768 1262 1605 1752 1872 1998 0 
262 769 1263 1606 1709 1818 2013 0 
199 770 1264 1362 1784 1890 0 0 
263 771 1265 1494 1785 1909 0 0 
264 772 1266 1502 1740 1811 0 0 
265 773 1165 1415 1664 1931 0 0 
105 774 1267 1607 1735 1844 2010 0 
266 775 1122 1608 1786 1937 2004 0 
267 776 1267 1609 1681 1868 0 0 
268 777 1268 1610 1679 1830 0 0 
269 778 1269 1611 1638 1902 0 0 
82 779 1270 1612 1759 1899 0 0 
190 780 1271 1409 1682 1825 1993 0 
270 769 1154 1613 1745 1816 0 0 
99 781 1066 1394 1771 1810 1989 0 
271 782 1249 1417 1754 1889 1974 0 
272 696 1118 1514 1670 1845 1990 0 
273 783 1025 1529 1758 1938 2013 0 
118 784 1272 1581 1710 1806 1998 0 
274 785 1273 1539 1685 1879 1962 0 
275 786 1274 1503 1740 1934 0 0 
63 606 1275 1465 1750 1898 2010 0 
276 787 1048 1391 1784 1919 2009 0 
167 788 1276 1578 1709 1839 2002 0 
277 757 1209 1534 1695 1850 0 0 
278 789 1163 1614 1741 1905 0 0 
156 790 1277 1442 1706 1922 1997 0 
75 791 1240 1615 1779 1831 2008 0 
279 701 1199 1531 1688 1900 0 0 
280 737 1257 1616 1764 1939 0 0 
205 792 1242 1507 1771 1915 1963 0 
281 793 1278 1537 1701 1916 0 0 
279 794 1279 1452 1737 1852 2017 0 
282 795 1280 1557 1747 1905 2040 0 
192 550 1281 1422 1787 1940 2006 0 
283 796 1282 1617 1672 1863 0 0 
284 773 1035 1604 1766 1914 0 0 
140 797 1283 1423 1788 1903 2028 2038 
285 798 1183 1495 1686 1785 2003 0 
188 799 1284 1618 1733 1874 0 0 
49 800 1166 1520 1669 1880 2023 0 
286 801 1141 1619 1726 1866 1964 0 
235 802 1285 1461 1778 1861 0 0 
5 535 1182 1620 1681 1941 0 0 
287 756 1133 1439 1713 1828 0 0 
125 803 1286 1463 1713 1918 1985 0 
288 804 1263 1475 1700 1909 1993 0 
187 805 1173 1621 1741 1888 0 0 
183 806 1108 1411 1789 1868 0 0 
289 807 1235 1576 1766 1858 1986 0 
290 808 1185 1622 1759 1834 0 0 
291 809 1259 1623 1680 1877 0 0 
11 810 1287 1624 1776 1857 2021 0 
292 811 1061 1489 1751 1916 2021 0 
293 542 1029 1625 1667 1899 1992 0 
287 812 1168 1626 1729 1926 0 0 
294 604 1216 1627 1769 1893 0 0 
295 734 1288 1559 1755 1834 1975 0 
296 619 1289 1628 1771 1925 0 0 
297 575 1290 1513 1636 1853 0 0 
298 813 1291 1431 1784 1895 1966 0 
195 814 1161 1629 1788 1942 0 0 
124 728 1292 1568 1715 1940 1977 0 
299 785 1293 1564 1730 1859 1941 0 
189 815 1106 1532 1717 1943 0 0 
300 816 1160 1629 1790 1944 2014 0 
301 817 1225 1426 1688 1839 1971 0 
204 818 1273 1451 1745 1847 2023 0 
302 819 1197 1610 1696 1881 2039 0 
303 777 1205 1522 1728 1816 2022 0 
304 820 1236 1611 1732 1865 2004 0 
141 602 1294 1630 1769 1945 0 0 
83 615 1252 1631 1693 1946 2021 0 
47 574 1295 1632 1749 1844 2016 0 
305 558 1296 1351 1777 1930 0 0 
306 821 1147 1342 1782 1817 2023 0 
307 822 1297 1624 1737 1841 1965 0 
308 823 1149 1545 1763 1947 2005 0 
50 824 1298 1624 1695 1922 1967 0 
309 825 1299 1523 1727 1822 2047 0 
310 811 1300 1580 1772 1907 0 0 
311 826 1190 1625 1722 1818 0 0 
147 827 1282 1633 1746 1886 0 0 
203 828 1143 1598 1701 1921 2006 0 
312 829 1151 1634 1791 1948 0 0 
157 830 1301 1635 1739 1949 0 0 
313 751 1155 1588 1704 1943 1971 0 
314 819 1302 1636 1762 1871 1963 0 
315 799 1116 1430 1792 1950 0 0 
316 831 1082 1637 1791 1910 0 0 
278 678 1303 1638 1793 1928 1972 0 
227 719 1304 1639 1794 1835 2029 0 
317 832 1246 1640 1789 1921 2038 0 
318 833 1081 1418 1776 1897 2018 0 
68 834 1305 1641 1795 1951 1978 0 
319 835 1306 1512 1675 1863 2017 0 
45 836 1286 1550 1796 1938 1972 0 
16 837 1307 1561 1797 1948 0 0 
320 838 1245 1638 1710 1929 1991 0 
103 839 1308 1642 1720 1921 0 0 
321 840 1102 1605 1719 1923 1956 0 
113 721 1309 1595 1691 1882 2044 0 
181 774 1164 1404 1699 1952 2024 0 
38 826 1310 1643 1798 1894 2018 0 
220 841 1301 1454 1799 1840 2009 0 
322 738 1120 1644 1787 1949 1967 0 
313 827 1053 1421 1764 1836 2046 0 
323 583 1225 1645 1787 1872 0 0 
324 842 1244 1646 1777 1839 2007 0 
240 843 1234 1633 1703 1953 2048 0 
116 671 1311 1510 1690 1932 0 0 
325 844 1272 1407 1789 1927 2010 0 
250 845 1039 1647 1799 1883 1976 0 
326 846 1202 1525 1757 1912 0 0 
327 685 1155 1648 1770 1951 0 0 
328 847 1097 1646 1800 1893 1967 0 
329 586 1248 1416 1677 1928 2019 0 
330 848 1237 1429 1715 1878 2003 0 
331 849 1260 1509 1741 1846 2041 0 
332 793 1187 1623 1749 1847 1977 0 
333 850 1248 1548 1666 1866 0 0 
334 633 1255 1636 1689 1831 0 0 
335 520 1312 1628 1733 1898 0 0 
336 851 1074 1602 1705 1827 0 0 
298 706 1190 1615 1708 1882 0 0 
337 798 1231 1639 1801 1925 0 0 
338 618 1313 1413 1737 1808 0 0 
339 852 1121 1388 1671 1954 1967 0 
340 532 1152 1647 1701 1923 2030 0 
197 853 1314 1442 1802 1893 2042 0 
290 854 1075 1647 1758 1881 1989 0 
341 651 1315 1649 1800 1891 0 0 
342 754 1233 1398 1692 1897 0 0 
46 781 1316 1643 1793 1955 2034 0 
343 675 1279 1526 1604 1790 1989 0 
344 855 1244 1644 1753 1948 2018 0 
345 659 1317 1647 1803 1868 1977 0 
346 713 1318 1650 1804 1931 0 0 
347 856 1224 1639 1708 1934 2018 0 
267 636 1060 1469 1728 1903 1957 0 
348 672 1134 1641 1783 1939 1965 0 
349 857 1117 1643 1805 1901 0 0 
347 810 1123 1651 1731 1930 0 0 
350 844 1280 1599 1708 1879 2019 0 
92 572 1319 1560 1782 1848 1988 0 
283 591 1320 1598 1715 1812 2029 0 
17 858 1269 1649 1713 1842 0 0 
351 859 1268 1450 1748 1933 1966 0 
352 860 1260 1627 1806 1833 0 0 
353 861 1145 1474 1745 1908 2026 0 
71 842 1033 1419 1768 1790 2015 0 
354 862 1141 1594 1772 1946 1994 0 
242 863 1321 1644 1807 1950 0 0 
208 710 1322 1614 1789 1873 0 0 
319 742 1228 1649 1795 1940 0 0 
355 864 1148 1584 1694 1815 2011 0 
198 859 1132 1637 1705 1876 0 0 
356 865 1179 1652 1751 1901 1996 0 
357 736 1323 1559 1698 1939 0 0 
318 866 1324 1637 1723 1891 0 0 
358 867 1057 1293 1749 1954 0 0 
359 868 1261 1626 1681 1854 2047 0 
87 747 1325 1648 1808 1945 0 0 
360 559 1124 1392 1731 1815 1988 0 
361 759 1326 1521 1652 1864 1995 0 
362 580 1086 1633 1771 1956 0 0 
307 690 1223 1653 1779 1855 0 0 
356 869 1222 1533 1784 1883 0 0 
363 851 1327 1502 1732 1884 1968 0 
273 841 1213 1627 1678 1932 0 0 
364 870 1090 1654 1809 1860 2046 0 
365 871 1328 1635 1795 1957 0 0 
366 825 1170 1652 1782 1940 1998 0 
367 872 1298 1642 1798 1952 0 0 
163 616 1259 1620 1794 1937 0 0 
136 569 1329 1558 1792 1809 2027 0 
271 873 1084 1651 1719 1842 2026 0 
368 635 1284 1629 1802 1862 2036 0 
252 874 1330 1545 1770 1858 1905 0 
369 715 1310 1655 1792 1929 1987 0 
275 875 1164 1656 1805 1882 2026 0 
370 876 1331 1601 1759 1858 2027 0 
15 877 1195 1395 1689 1820 2027 0 
371 849 1195 1646 1715 1823 2022 0 
317 878 1265 1657 1738 1920 0 0 
372 514 1194 1658 1810 1916 0 0 
90 879 1202 1658 1763 1930 2020 0 
373 598 1277 1575 1800 1856 2035 0 
374 792 1332 1396 1711 1933 2033 0 
375 880 1097 1657 1784 1880 1987 0 
72 796 1201 1543 1799 1810 2006 0 
53 881 1294 1659 1756 1935 0 0 
376 544 1220 1567 1707 1899 1961 0 
377 882 1333 1660 1783 1913 0 0 
276 883 1211 1625 1768 1913 0 0 
378 884 1277 1661 1811 1915 2012 0 
379 885 1172 1446 1656 1957 0 0 
380 620 1062 1603 1722 1950 0 0 
336 865 1334 1578 1694 1937 1980 0 
337 563 1335 1475 1751 1838 0 0 
380 588 1270 1630 1682 1838 1995 0 
130 886 1336 1659 1681 1958 0 0 
381 887 1308 1395 1704 1827 0 0 
212 852 1174 1659 1788 1920 2045 0 
382 888 1337 1642 1812 1943 0 0 
323 643 1338 1631 1774 1876 1963 0 
76 839 1239 1660 1786 1888 0 0 
383 889 1056 1579 1700 1949 2003 0 
384 890 1169 1610 1750 1821 2028 0 
385 891 1330 1662 1753 1942 2012 0 
386 892 1046 1634 1813 1954 2025 0 
387 764 1092 1373 1691 1851 1965 0 
388 893 1328 1444 1745 1843 2002 0 
330 882 1114 1652 1781 1925 2031 0 
389 894 1051 1498 1755 1852 2002 0 
390 895 1313 1532 1800 1930 1978 0 
391 896 1214 1614 1796 1861 1975 0 
392 716 1206 1422 1686 1944 2041 0 
393 868 1313 1390 1761 1845 2009 0 
358 897 1339 1663 1794 1959 1972 0 
120 854 1230 1474 1768 1895 2048 0 
266 898 1332 1653 1749 1880 0 0 
114 547 1230 1402 1786 1947 0 0 
394 894 1227 1660 1754 1954 2041 0 
142 899 1191 1620 1718 1891 0 0 
159 900 1209 1505 1736 1951 2015 0 
268 901 1091 1649 1812 1960 1970 0 
392 902 1305 1653 1709 1948 0 0 
395 787 1254 1664 1801 1906 0 0 
88 789 1291 1644 1725 1951 1976 0 
338 669 1151 1665 1812 1897 0 0 
396 903 1150 1574 1780 1904 1983 0 
385 772 1144 1489 1798 1903 0 0 
259 904 1226 1665 1814 1843 0 0 
397 905 1258 1424 1764 1956 2006 0 
398 906 1303 1650 1756 1932 2004 0 
129 697 1275 1650 1724 1896 1977 0 
399 612 1086 1629 1815 1919 0 0 
400 907 1282 1663 1789 1940 2034 0 
401 908 1143 1541 1695 1936 0 0 
402 909 1117 1658 1801 1929 0 0 
403 603 1078 1445 1743 1872 1981 0 
404 910 1340 1662 1816 1883 2037 0 
145 824 1188 1449 1697 1854 0 0 
384 909 1297 1553 1702 1924 0 0 
405 820 1040 1471 1683 1840 0 0 
233 579 1304 1654 1784 1955 0 0 
406 911 1322 1600 1747 1946 1997 0 
296 613 1119 1438 1706 1938 1993 0 
407 850 1177 1449 1762 1837 1987 0 
408 912 1296 1662 1701 1882 2016 0 
409 913 1034 1587 1767 1822 1970 0 
410 805 1237 1615 1795 1887 1996 0 
411 914 1272 1511 1725 1933 2029 0 
412 915 1304 1632 1696 1948 1991 0 
311 581 1317 1455 1684 1925 2014 0 
107 916 1288 1665 1746 1949 0 0 
413 835 1043 1370 1790 1924 2047 0 
414 884 1106 1450 1787 1854 0 0 
171 917 1087 1588 1788 1809 0 0 
257 915 1113 1494 1781 1894 0 0 
241 918 1293 1630 1731 1805 1999 0 
415 809 1341 1548 1791 1868 2023 0 
260 548 1065 1552 1720 1826 2001 0 
339 919 1284 1527 1745 1935 2009 0 
416 573 1169 1605 1687 1945 0 0 
121 740 1288 1435 1688 1829 0 0 
247 920 1084 1648 1780 1955 0 0 
417 587 1342 1493 1752 1939 1970 0 
418 745 1129 1666 1734 1796 1976 0 
419 921 1343 1606 1785 1917 2000 0 
206 922 1128 1667 1783 1889 2021 0 
420 712 1088 1463 1763 1836 1988 0 
117 866 1139 1577 1760 1870 0 0 
381 654 1102 1640 1751 1959 2005 0 
343 923 1200 1586 1719 1896 2032 0 
421 924 1220 1640 1802 1911 0 0 
60 925 1242 1501 1797 1906 1971 0 
422 795 1253 1456 1788 1959 1982 0 
423 926 1101 1431 1692 1878 0 0 
222 927 1098 1650 1704 1895 1986 0 
97 704 1289 1653 1752 1957 2035 0 
424 928 1074 1665 1777 1959 1991 0 
425 828 1127 1656 1757 1896 0 0 
201 929 1138 1663 1773 1848 0 0 
368 930 1327 1389 1698 1845 2033 0 
31 910 1285 1528 1740 1871 0 0 
426 645 1344 1508 1696 1942 0 0 
7 656 1345 1626 1778 1870 0 0 
13 802 1203 1622 1663 1887 0 0 
284 931 1346 1646 1817 1882 0 0 
369 539 1210 1644 1808 1861 1974 0 
427 932 1295 1619 1741 1942 0 0 
428 933 1347 1468 1717 1839 0 0 
215 752 1189 1512 1748 1826 1964 0 
429 934 1348 1516 1709 1961 0 0 
430 864 1302 1499 1756 1959 2046 0 
328 935 1266 1448 1696 1875 1974 0 
396 936 1305 1617 1724 1953 2047 0 
89 897 1349 1609 1716 1913 2040 0 
179 937 1326 1632 1793 1890 0 0 
431 938 1350 1530 1760 1953 0 0 
432 939 1207 1467 1739 1826 1984 0 
58 940 1348 1668 1813 1873 1974 0 
237 941 1351 1661 1776 1888 2019 0 
433 767 1050 1536 1677 1923 2028 0 
434 942 1352 1533 1742 1876 2041 0 
435 943 1353 1455 1765 1871 2030 0 
432 944 1354 1606 1772 1887 1985 0 
436 945 1165 1570 1778 1917 0 0 
30 936 1327 1656 1797 1831 1995 0 
155 946 1355 1649 1807 1945 2014 0 
377 947 1231 1253 1730 1791 0 0 
361 549 1256 1663 1775 1951 0 0 
437 948 1276 1669 1808 1851 2027 0 
229 949 1343 1583 1742 1921 1997 0 
98 707 1290 1457 1750 1867 1993 0 
438 804 1138 1416 1747 1919 2000 0 
439 906 1146 1464 1700 1856 1975 0 
421 950 1323 1619 1757 1884 2030 0 
289 885 1329 1670 1799 1910 2044 0 
51 951 1158 1666 1788 1899 0 0 
100 952 1356 1636 1803 1944 1999 0 
96 953 1292 1638 1818 1884 1981 0 
440 954 1182 1570 1780 1822 2042 0 
286 898 1357 1530 1806 1956 0 0 
128 955 1261 1462 1717 1875 0 0 
441 926 1358 1500 1767 1811 0 0 
442 956 1105 1656 1819 1958 0 0 
196 957 1228 1405 1678 1936 1969 0 
340 958 1359 1388 1783 1924 0 0 
59 625 1331 1428 1711 1938 2042 0 
175 887 1166 1568 1772 1865 0 0 
200 959 1349 1509 1721 1848 1989 0 
443 870 1312 1514 1779 1940 2005 0 
213 960 1360 1660 1712 1830 0 0 
407 703 1059 1493 1704 1849 1972 0 
395 560 1274 1603 1648 1910 2041 0 
243 891 1184 1457 1730 1888 1989 0 
81 652 1325 1671 1819 1947 0 0 
302 702 1334 1408 1753 1936 1982 0 
394 746 1131 1645 1679 1932 0 0 
383 717 1329 1408 1664 1880 0 0 
444 961 1093 1429 1753 1928 2002 0 
445 679 1318 1639 1710 1947 0 0 
446 962 1211 1520 1692 1806 2046 0 
447 599 1321 1637 1764 1915 0 0 
122 963 1361 1650 1776 1909 2043 0 
299 961 1174 1627 1713 1898 0 0 
335 815 1362 1440 1719 1841 0 0 
162 931 1132 1542 1670 1867 1970 0 
27 562 1363 1510 1790 1926 0 0 
448 657 1333 1597 1731 1938 2016 0 
78 905 1341 1465 1678 1901 1997 0 
399 939 1318 1609 1689 1878 0 0 
249 964 1112 1640 1793 1917 0 0 
437 668 1077 1631 1773 1834 0 0 
449 601 1281 1633 1816 1917 0 0 
69 677 1349 1664 1748 1835 0 0 
450 965 1229 1651 1820 1951 0 0 
451 597 1270 1639 1766 1918 2015 0 
452 822 1196 1414 1718 1936 0 0 
453 779 1103 1592 1702 1820 2034 0 
427 848 1206 1658 1807 1868 0 0 
151 951 1364 1506 1774 1873 2004 0 
324 966 1365 1590 1693 1902 1980 0 
454 967 1364 1554 1792 1912 1998 0 
364 732 1162 1505 1791 1903 1968 0 
133 667 1366 1418 1712 1907 2024 0 
310 888 1158 1501 1686 1817 1990 0 
305 801 1247 1393 1722 1935 0 0 
246 922 1367 1433 1687 1850 2035 0 
455 556 1243 1649 1809 1871 1988 0 
280 968 1368 1517 1667 1799 0 0 
431 629 1309 1555 1699 1879 2022 0 
456 949 1157 1480 1726 1889 2011 0 
193 522 1292 1472 1760 1830 0 0 
150 665 1099 1630 1781 1905 0 0 
86 682 1369 1658 1712 1905 0 0 
110 952 1123 1649 1705 1861 0 0 
457 876 1328 1540 1695 1895 0 0 
303 969 1156 1638 1769 1933 1979 0 
254 883 1289 1458 1787 1796 1968 0 
393 913 1147 1621 1687 1842 2022 0 
297 970 1079 1583 1774 1828 1955 0 
426 901 1340 1626 1789 1957 2040 0 
366 873 1370 1470 1718 1823 0 0 
458 918 1191 1555 1752 1846 0 0 
148 914 1339 1641 1817 1950 0 0 
459 874 1193 1469 1804 1926 1965 0 
460 971 1371 1657 1807 1956 0 0 
461 641 1265 1648 1771 1958 2002 0 
104 972 1314 1602 1736 1843 2033 0 
462 582 1332 1629 1715 1910 0 0 
439 878 1176 1490 1809 1952 0 0 
441 928 1250 1516 1803 1953 2011 0 
463 916 1083 1628 1811 1937 2048 0 
95 973 1372 1658 1814 1934 0 0 
389 565 1309 1634 1787 1937 0 0 
452 735 1069 1471 1762 1864 0 0 
410 692 1373 1659 1821 1918 2000 0 
285 970 1374 1484 1768 1911 0 0 
447 660 1264 1617 1728 1885 0 0 
412 808 1375 1488 1767 1847 0 0 
8 594 1356 1632 1813 1943 0 0 
315 540 1275 1662 1786 1897 1973 0 
406 830 1082 1657 1775 1849 1963 0 
464 833 1300 1596 1765 1930 2047 0 
465 974 1246 1628 1819 1881 0 0 
466 954 1359 1661 1818 1901 0 0 
281 770 1137 1655 1756 1874 0 0 
158 642 1095 1488 1738 1866 2034 0 
467 649 1245 1410 1810 1909 0 0 
363 791 1183 1645 1810 1833 1986 0 
119 975 1100 1635 1744 1914 0 0 
465 945 1376 1672 1691 1900 0 0 
440 829 1377 1579 1758 1928 0 0 
468 831 1352 1626 1699 1949 1973 0 
405 861 1378 1637 1819 1955 0 0 
469 976 1031 1540 1730 1852 2040 0 
470 871 1042 1519 1686 1931 2037 0 
471 977 1369 1511 1785 1852 0 0 
472 978 1363 1627 1801 1951 0 0 
316 730 1335 1591 1757 1941 2013 0 
473 630 1307 1626 1810 1853 0 0 
420 896 1354 1573 1701 1894 0 0 
415 979 1078 1628 1698 1950 0 0 
474 661 1283 1638 1797 1941 0 0 
475 517 1320 1635 1762 1923 0 0 
476 813 1140 1653 1774 1908 0 0 
202 968 1184 1659 1677 1892 2048 0 
261 980 1135 1541 1765 1920 2044 0 
378 788 1067 1518 1742 1841 1989 0 
10 981 1252 1632 1778 1953 1965 0 
185 564 1336 1618 1705 1836 0 0 
255 982 1101 1671 1796 1896 0 0 
477 778 1071 1642 1822 1853 0 0 
468 877 1379 1538 1790 1940 1985 0 
216 821 1380 1658 1685 1958 2017 0 
478 534 1342 1515 1720 1929 0 0 
20 983 1308 1655 1773 1831 0 0 
238 984 1281 1561 1693 1939 0 0 
450 907 1374 1576 1756 1859 2008 0 
272 577 1365 1641 1723 1850 2010 0 
371 698 1054 1461 1716 1906 0 0 
479 958 1175 1628 1761 1879 0 0 
29 985 1286 1643 1717 1847 2003 0 
18 967 1121 1573 1694 1900 2031 0 
168 797 1381 1572 1773 1935 0 0 
172 578 1369 1659 1816 1873 0 0 
390 975 1376 1478 1753 1826 2021 0 
326 986 1337 1434 1758 1835 0 0 
109 834 1278 1563 1683 1908 2007 0 
344 683 1379 1487 1769 1957 0 0 
270 920 1381 1552 1799 1872 0 0 
327 959 1171 1546 1760 1895 2025 0 
436 525 1236 1655 1777 1952 1985 0 
357 978 1167 1481 1793 1931 2020 0 
127 708 1283 1612 1743 1835 0 0 
476 893 1063 1543 1676 1931 0 0 
304 552 1295 1484 1798 1933 0 0 
480 644 1072 1612 1687 1934 0 0 
481 971 1192 1634 1823 1946 1971 0 
482 987 1254 1432 1759 1958 2001 0 
230 681 1088 1651 1824 1890 1975 0 
239 988 1350 1654 1820 1947 0 0 
418 921 1238 1496 1764 1844 1987 0 
34 860 1382 1657 1734 1928 2043 0 
483 989 1194 1504 1776 1937 0 0 
131 584 1383 1673 1786 1838 2001 0 
362 934 1268 1656 1783 1858 1987 0 
477 990 1175 1589 1749 1904 0 0 
484 709 1149 1666 1800 1916 2039 0 
91 655 1092 1642 1770 1907 2031 0 
28 991 1333 1553 1699 1916 2032 0 
459 837 1324 1622 1717 1927 2005 0 
485 965 1072 1507 1699 1794 2023 0 
486 557 1310 1536 1763 1908 1968 0 
472 982 1241 1665 1779 1903 0 0 
245 855 1152 1640 1728 1907 0 0 
470 807 1181 1477 1668 1824 2001 0 
423 938 1269 1667 1823 1921 0 0 
166 973 1302 1436 1682 1922 0 0 
466 761 1080 1637 1781 1871 2032 0 
350 686 1130 1635 1749 1858 0 0 
487 533 1044 1550 1698 1851 2046 0 
374 979 1163 1433 1766 1844 0 0 
462 992 1080 1425 1685 1957 0 0 
488 766 1201 1460 1704 1942 2019 0 
373 974 1096 1668 1770 1860 1993 0 
342 993 1110 1645 1805 1832 0 0 
288 956 1213 1601 1787 1890 2036 0 
293 994 1322 1486 1753 1836 1990 0 
489 944 1167 1654 1758 1885 0 0 
70 932 1306 1535 1684 1893 2026 0 
9 790 1208 1582 1731 1877 1987 0 
325 995 1229 1674 1781 1960 0 0 
269 637 1226 1529 1702 1911 0 0 
490 996 1115 1628 1697 1945 0 0 
173 935 1180 1623 1672 1952 2015 0 
6 648 1325 1663 1809 1923 0 0 
291 980 1384 1447 1792 1857 1999 0 
2 723 1331 1646 1698 1883 0 0 
332 568 1385 1648 1777 1960 0 0 
442 515 1316 1443 1706 1837 0 0 
170 727 1112 1478 1809 1853 2036 0 
231 997 1287 1472 1711 1878 0 0 
491 998 1159 1485 1766 1909 0 0 
236 903 1348 1662 1739 1927 0 0 
490 999 1150 1515 1800 1888 0 0 
467 705 1172 1640 1791 1846 1969 0 
448 823 1026 1528 1665 1859 0 0 
398 650 1234 1531 1812 1840 1974 0 
178 674 1096 1437 1801 1945 1961 0 
411 983 1188 1662 1790 1954 1986 0 
40 1000 1249 1627 1817 1866 0 0 
492 964 1300 1664 1711 1954 1975 0 
413 925 1354 1630 1750 1932 0 0 
35 693 1357 1655 1744 1828 0 0 
493 526 1262 1551 1723 1888 0 0 
494 836 1386 1492 1640 1855 1967 0 
265 846 1358 1634 1815 1869 2035 0 
495 1001 1198 1440 1782 1862 2038 0 
496 1002 1073 1643 1817 1881 2036 0 
329 680 1030 1608 1674 1842 2011 0 
430 1003 1085 1652 1800 1962 2040 0 
495 554 1353 1633 1795 1941 2039 0 
226 990 1387 1464 1684 1869 0 0 
496 838 1218 1587 1724 1835 0 0 
214 1004 1388 1650 1814 1872 0 0 
458 1005 1235 1491 1703 1906 2043 0 
21 553 1218 1616 1731 1958 1973 0 
435 537 1267 1480 1700 1956 1992 0 
483 1002 1375 1549 1775 1902 1992 0 
497 998 1241 1446 1743 1946 1970 0 
404 590 1173 1675 1797 1950 0 0 
186 765 1119 1647 1692 1949 0 0 
207 1006 1306 1663 1815 1851 1969 0 
182 1007 1389 1635 1818 1953 2045 0 
354 857 1271 1491 1789 1827 0 0 
402 1008 1203 1600 1732 1904 0 0 
225 858 1100 1569 1743 1857 0 0 
55 924 1362 1671 1803 1960 0 0 
498 972 1093 1639 1811 1889 2008 0 
461 943 1168 1670 1806 1942 1995 0 
388 784 1153 1630 1784 1862 1978 0 
314 985 1104 1629 1770 1896 0 0 
349 516 1390 1660 1804 1943 1980 0 
493 724 1345 1611 1666 1890 0 0 
499 664 1346 1653 1804 1857 2001 0 
224 589 1371 1667 1714 1943 2030 0 
244 768 1103 1485 1705 1852 1985 0 
161 611 1312 1466 1794 1907 0 0 
3 729 1352 1441 1803 1918 2017 0 
108 988 1256 1560 1680 1812 0 0 
482 529 1367 1607 1715 1874 0 0 
486 904 1193 1566 1720 1875 0 0 
379 927 1314 1589 1754 1912 1978 0 
312 816 1291 1565 1703 1898 2012 0 
443 720 1387 1566 1732 1912 0 0 
422 941 1126 1643 1739 1852 0 0 
277 940 1307 1639 1744 1866 0 0 
341 628 1223 1467 1759 1885 0 0 
74 1001 1224 1427 1723 1860 1995 0 
485 1009 1207 1642 1806 1886 0 0 
498 1010 1219 1580 1680 1953 1968 0 
480 1011 1326 1538 1744 1902 2019 0 
387 832 1364 1651 1797 1924 0 0 
258 900 1391 1631 1798 1927 2026 0 
191 688 1178 1661 1713 1948 2031 0 
248 1012 1276 1590 1714 1914 0 0 
322 771 1351 1591 1690 1820 1998 0 
54 1013 1263 1660 1775 1930 0 0 
352 917 1181 1496 1761 1954 2030 0 
500 786 1343 1634 1685 1849 0 0 
454 1014 1189 1398 1683 1877 2013 0 
308 744 1156 1518 1747 1844 0 0 
22 639 1324 1667 1785 1856 0 0 
106 953 1370 1397 1746 1870 2033 0 
501 1015 1038 1562 1712 1949 1979 0 
132 818 1387 1503 1752 1830 1988 0 
348 662 1334 1626 1823 1961 0 0 
218 1016 1373 1571 1725 1837 0 0 
502 1015 1290 1655 1796 1901 1971 0 
282 863 1070 1654 1783 1960 0 0 
353 962 1294 1672 1755 1832 1981 0 
478 1013 1153 1668 1796 1926 0 0 
309 880 1287 1476 1761 1952 0 0 
424 957 1271 1444 1782 1887 0 0 
234 640 1360 1497 1751 1844 2020 0 
433 817 1247 1629 1765 1948 2040 0 
481 794 1116 1636 1727 1913 0 0 
294 948 1317 1410 1757 1850 0 0 
503 886 1227 1482 1734 1922 2038 0 
264 518 1255 1593 1802 1902 2037 0 
504 937 1371 1402 1746 1854 0 0 
444 749 1338 1641 1706 1829 0 0 
210 847 1353 1517 1707 1946 2005 0 
253 890 1386 1547 1807 1913 2027 0 
52 714 1192 1534 1768 1877 0 0 
12 519 1257 1656 1711 1944 0 0 
370 624 1232 1586 1802 1925 1975 0 
153 1017 1368 1651 1716 1880 1994 0 
401 776 1372 1481 1707 1865 2008 0 
112 758 1128 1636 1806 1941 0 0 
457 741 1122 1644 1788 1847 1983 0 
79 986 1085 1406 1728 1892 1992 0 
262 546 1197 1413 1673 1939 1976 0 
419 670 1032 1303 1765 1912 0 0 
505 930 1133 1642 1816 1919 2043 0 
429 942 1217 1627 1825 1885 0 0 
503 571 1278 1424 1793 1843 2027 0 
479 984 1381 1608 1682 1933 0 0 
499 889 1258 1456 1630 1845 0 0 
501 814 1315 1519 1683 1911 0 0 
137 912 1316 1657 1720 1914 2004 0 
506 718 1111 1655 1785 1962 2034 0 
507 1018 1374 1412 1735 1833 0 0 
217 862 1346 1645 1825 1910 2015 0 
417 1019 1186 1575 1677 1934 2013 0 
408 755 1186 1479 1733 1922 0 0 
508 895 1120 1618 1797 1848 0 0 
491 760 1390 1631 1725 1945 2020 0 
425 691 1311 1425 1772 1889 1966 0 
139 1007 1321 1399 1742 1893 0 0 
502 1020 1177 1670 1820 1892 0 0 
23 523 1262 1654 1802 1936 1973 0 
469 969 1335 1653 1729 1897 2003 0 
223 996 1058 1593 1669 1786 0 0 
301 1003 1363 1673 1740 1927 2025 0 
507 684 1071 1654 1729 1875 0 0 
62 780 1176 1633 1669 1918 2019 0 
464 609 1238 1636 1743 1937 0 0 
391 592 1311 1646 1822 1915 2009 0 
488 753 1076 1595 1774 1884 0 0 
453 1004 1319 1657 1811 1935 0 0 
455 731 1266 1400 1772 1955 1993 0 
351 711 1392 1652 1736 1943 0 0 
509 950 1118 1661 1725 1887 0 0 
331 933 1210 1400 1747 1799 1968 0 
232 725 1297 1401 1739 1819 2013 0 
355 1021 1279 1631 1735 1938 0 0 
321 919 1274 1582 1678 1853 0 0 
211 812 1377 1562 1798 1841 0 0 
25 1014 1280 1594 1702 1846 1977 0 
135 955 1359 1556 1792 1911 0 0 
292 803 1221 1647 1775 1947 0 0 
434 981 1111 1460 1779 1842 1980 0 
463 576 1340 1414 1774 1835 2024 0 
149 977 1104 1439 1767 1936 0 0 
400 673 1154 1405 1727 1861 2044 0 
359 995 1109 1669 1826 1944 2020 0 
473 929 1198 1661 1728 1877 1982 0 
67 843 1385 1423 1694 1962 0 0 
510 1018 1232 1549 1727 1922 2007 0 
475 694 1360 1403 1733 1938 0 0 
509 621 1383 1585 1764 1863 0 0 
382 911 1135 1546 1712 1924 1978 0 
126 963 1108 1673 1721 1929 0 0 
176 1022 1129 1525 1687 1887 2041 0 
397 960 1124 1596 1697 1941 2029 0 
375 1019 1367 1399 1755 1946 0 0 
33 726 1393 1664 1734 1904 2000 0 
228 783 1200 1632 1816 1960 0 0 
306 991 1185 1513 1716 1923 0 0 
376 614 1361 1563 1767 1891 0 0 
446 999 1366 1632 1792 1925 0 0 
134 1010 1378 1544 1795 1921 0 0 
274 631 1113 1572 1668 1868 2045 0 
511 923 1222 1643 1821 1939 0 0 
360 853 1380 1672 1804 1959 1976 0 
471 782 1204 1647 1740 1942 1997 0 
506 733 1347 1599 1703 1836 0 0 
460 1006 1239 1508 1745 1860 0 0 
445 750 1077 1535 1779 1944 2039 0 
487 1023 1330 1651 1685 1920 2039 0 
386 840 1315 1453 1721 1832 2031 0 
102 521 1347 1613 1748 1823 0 0 
320 800 1382 1392 1803 1859 2021 0 
180 775 1336 1434 1760 1926 0 0 
146 966 1219 1659 1824 1879 1971 0 
438 1011 1355 1645 1727 1955 0 0 
508 902 1273 1597 1679 1854 1964 0 
345 976 1214 1430 1703 1884 0 0 
169 899 1319 1421 1668 1906 2015 0 
256 908 1099 1666 1823 1958 1981 0 
474 879 1320 1468 1778 1935 2001 0 
152 881 1355 1554 1711 1898 0 0 
456 1016 1076 1646 1712 1892 0 0 
333 993 1361 1443 1760 1859 1979 0 
295 1009 1384 1637 1675 1878 2045 0 
492 989 1338 1417 1556 1838 2007 0 
165 997 1301 1412 1721 1824 1961 0 
300 867 1221 1585 1780 1833 2037 0 
512 1020 1109 1634 1769 1900 0 0 
497 806 1368 1544 1737 1896 2007 0 
365 1017 1125 1671 1693 1962 1983 0 
449 610 1233 1652 1814 1952 1961 0 
61 872 1251 1650 1813 1855 0 0 
451 869 1386 1665 1748 1900 0 0 
143 1022 1394 1641 1825 1929 2048 0 
504 763 1137 1506 1794 1867 0 0 
346 1000 1196 1644 1803 1832 2033 0 
403 947 1299 1674 1763 1920 0 0 
14 1008 1215 1479 1804 1833 2032 0 
505 1024 1376 1396 1722 1848 0 0 
73 700 1372 1613 1680 1927 2039 0 
484 513 1358 1607 1743 1846 1972 0 
372 856 1341 1584 1780 1908 0 0 
414 1005 1391 1638 1786 1916 0 0 
512 987 1323 1662 1794 1956 0 0 
494 994 1131 1380 1693 1891 0 0 
367 541 1217 1621 1775 1843 2014 0 
428 1024 1098 1564 1738 1944 0 0 
500 1012 1068 1384 1735 1947 2043 0 
209 1023 1212 1495 1778 1907 0 0 
489 528 1199 1635 1815 1909 2008 0 
263 992 1243 1631 1824 1867 0 0 
48 946 1216 1537 1719 1931 1995 0 
251 1021 1250 1670 1763 1898 2025 0 
511 695 1337 1671 1766 1961 0 0 
409 875 1344 1571 1742 1872 0 0 
219 739 1382 1645 1770 1911 2020 0 
416 845 1357 1448 1735 1905 2038 0 
510 892 1205 1641 1808 1932 0 0 
334 530 1345 1504 1782 1924 0 0 
